# Camera list with one line of data per camera:
#   CAMERA_ID, MODEL, WIDTH, HEIGHT, PARAMS[]
# Number of cameras: 16
1 SIMPLE_RADIAL 1440 1080 1178.11 720 540 0.0243944
2 SIMPLE_RADIAL 1440 1080 1185.54 720 540 0.0378401
3 SIMPLE_RADIAL 1440 1080 1181.44 720 540 0.0176689
4 SIMPLE_RADIAL 1440 1080 1177.2 720 540 0.0382972
5 SIMPLE_RADIAL 1440 1080 1192.84 720 540 0.041065
6 SIMPLE_RADIAL 1440 1080 1185.44 720 540 0.0362531
7 SIMPLE_RADIAL 1440 1080 1177.37 720 540 0.048839
8 SIMPLE_RADIAL 1440 1080 1194.59 720 540 0.00123177
9 SIMPLE_RADIAL 1440 1080 1195.58 720 540 0.00303056
10 SIMPLE_RADIAL 1440 1080 1198.21 720 540 -0.00135804
11 SIMPLE_RADIAL 1440 1080 1205.77 720 540 0.00812113
12 SIMPLE_RADIAL 1440 1080 1198.92 720 540 0.0169909
13 SIMPLE_RADIAL 1440 1080 1198.33 720 540 0.0123824
14 SIMPLE_RADIAL 1440 1080 1195.51 720 540 0.00229813
15 SIMPLE_RADIAL 1440 1080 1196.13 720 540 0.0102599
16 SIMPLE_RADIAL 1440 1080 1151.19 720 540 -0.00180326
